114,0
130,0
43,0
43,0
135,0
120,0
66,0
136,0
122,0
51,0
78,0
126,0
146,0
145,0
86,0
17,0
111,0
134,0
25,0
137,0
126,0
48,0
1,0
126,0
5,0
108,0
13,0
111,0
77,0
89,0
52,0
127,0
132,0
120,0
47,0
121,0
119,0
93,0
64,0
145,0
45,0
46,0
24,0
83,0
128,0
129,0
133,0
13,0
145,0
13,0
17,0
114,0
30,0
39,0
82,0
18,0
134,0
63,0
149,0
57,0
149,0
90,0
42,0
32,0
111,0
8,0
29,0
124,0
133,0
16,0
83,0
68,0
118,0
83,0
148,0
128,0
10,0
76,0
121,0
114,0
128,0
127,0
52,0
114,0
140,0
58,0
7,0
5,0
7,0
81,0
5,0
68,0
126,0
129,0
51,0
143,0
25,0
79,0
78,0
44,0
62,0
135,0
63,0
56,0
19,0
53,0
48,0
129,0
137,0
5,0
17,0
41,0
7,0
118,0
101,0
127,0
132,0
40,0
86,0
31,0
113,0
92,0
36,0
154,0
70,0
72,0
141,0
29,0
36,0
25,0
87,0
133,0
122,0
31,0
17,0
77,0
32,0
29,0
119,0
62,0
81,0
41,0
19,0
63,0
55,0
150,0
127,0
14,0
56,0
17,0
20,0
150,0
52,0
89,0
51,0
143,0
138,0
130,0
130,0
64,0
90,0
146,0
27,0
42,0
29,0
148,0
122,0
52,0
14,0
132,0
53,0
82,0
28,0
109,0
0,0
48,0
116,0
104,0
40,0
116,0
123,0
76,0
127,0
87,0
69,0
7,0
80,0
144,0
26,0
127,0
132,0
118,0
82,0
48,0
142,0
104,0
89,0
30,0
109,0
142,0
39,0
79,0
37,0
59,0
53,0
150,0
120,0
52,0
3,0
54,0
13,0
66,0
121,0
126,0
85,0
8,0
61,0
48,0
68,0
4,0
8,0
67,0
101,0
1,0
93,0
100,0
88,0
120,0
61,0
5,0
100,0
78,0
44,0
101,0
123,0
66,0
105,0
150,0
144,0
89,0
142,0
7,0
125,0
139,0
107,0
41,0
61,0
126,0
93,0
126,0
19,0
126,0
95,0
45,0
12,0
13,0
46,0
33,0
56,0
130,0
1,0
25,0
65,0
147,0
28,0
38,0
19,0
144,0
40,0
10,0
116,0
70,0
37,0
141,0
16,0
146,0
66,0
30,0
25,0
143,0
50,0
8,0
123,0
128,0
48,0
110,0
16,0
63,0
21,0
86,0
8,0
142,0
41,0
43,0
101,0
150,0
134,0
24,0
69,0
26,0
115,0
97,0
89,0
72,0
65,0
82,0
4,0
101,0
81,0
104,0
33,0
101,0
21,0
85,0
139,0
12,0
81,0
127,0
83,0
127,0
37,0
54,0
132,0
54,0
88,0
52,0
17,0
123,0
62,0
81,0
104,0
95,0
118,0
108,0
14,0
75,0
42,0
84,0
94,0
109,0
23,0
30,0
77,0
81,0
36,0
24,0
46,0
61,0
22,0
47,0
6,0
114,0
112,0
150,0
22,0
7,0
137,0
39,0
88,0
9,0
68,0
101,0
18,0
46,0
66,0
44,0
1,0
124,0
37,0
36,0
47,0
17,0
59,0
96,0
13,0
91,0
54,0
2,0
128,0
147,0
4,0
13,0
149,0
8,0
25,0
133,0
141,0
150,0
44,0
57,0
57,0
75,0
110,0
84,0
88,0
46,0
128,0
37,0
84,0
133,0
153,0
39,0
19,0
17,0
140,0
133,0
42,0
86,0
0,0
122,0
130,0
23,0
142,0
10,0
142,0
47,0
29,0
150,0
130,0
133,0
128,0
91,0
11,0
52,0
45,0
141,0
141,0
44,0
80,0
38,0
3,0
67,0
154,0
102,0
99,0
14,0
34,0
70,0
13,0
36,0
46,0
9,0
68,0
56,0
88,0
94,0
151,0
146,0
133,0
137,0
69,0
33,0
77,0
126,0
14,0
21,0
29,0
80,0
124,0
137,0
136,0
123,0
16,0
52,0
41,0
139,0
150,0
59,0
61,0
30,0
133,0
28,0
37,0
97,0
33,0
69,0
110,0
6,0
47,0
24,0
110,0
1,0
33,0
132,0
48,0
126,0
63,0
3,0
133,0
49,0
9,0
17,0
145,0
16,0
139,0
78,0
149,0
139,0
60,0
58,0
109,0
53,0
126,0
23,0
119,0
97,0
57,0
4,0
132,0
52,0
142,0
140,0
16,0
11,0
113,0
37,0
85,0
129,0
34,0
111,0
127,0
53,0
38,0
44,0
34,0
76,0
138,0
26,0
31,0
6,0
102,0
154,0
44,0
38,0
63,0
67,0
42,0
3,0
29,0
129,0
139,0
124,0
142,0
52,0
134,0
81,0
13,0
119,0
107,0
8,0
132,0
118,0
111,0
22,0
143,0
93,0
46,0
96,0
41,0
34,0
59,0
83,0
3,0
3,0
143,0
112,0
4,0
130,0
150,0
127,0
74,0
82,0
2,0
24,0
134,0
132,0
33,0
51,0
29,0
42,0
142,0
127,0
141,0
64,0
97,0
27,0
75,0
47,0
123,0
122,0
6,0
107,0
68,0
76,0
76,0
45,0
45,0
22,0
138,0
59,0
124,0
22,0
19,0
1,0
142,0
4,0
4,0
73,0
67,0
126,0
58,0
41,0
49,0
23,0
129,0
28,0
142,0
151,0
47,0
16,0
35,0
120,0
47,0
43,0
10,0
103,0
84,0
50,0
80,0
140,0
53,0
48,0
127,0
57,0
23,0
58,0
121,0
87,0
2,0
1,0
150,0
48,0
128,0
78,0
132,0
132,0
127,0
71,0
72,0
100,0
116,0
70,0
102,0
30,0
43,0
123,0
79,0
2,0
86,0
63,0
45,0
123,0
4,0
29,0
116,0
142,0
6,0
125,0
123,0
38,0
153,0
28,0
65,0
89,0
24,0
123,0
126,0
120,0
105,0
126,0
141,0
109,0
19,0
53,0
64,0
154,0
123,0
124,0
72,0
37,0
99,0
133,0
142,0
78,0
115,0
38,0
74,0
106,0
100,0
111,0
141,0
54,0
64,0
53,0
79,0
130,0
141,0
8,0
122,0
46,0
19,0
77,0
32,0
14,0
127,0
51,0
120,0
68,0
9,0
12,0
5,0
100,0
106,0
59,0
110,0
127,0
19,0
40,0
47,0
0,0
39,0
30,0
23,0
118,0
56,0
46,0
28,0
142,0
48,0
144,0
37,0
20,0
95,0
65,0
43,0
104,0
115,0
125,0
126,0
42,0
9,0
117,0
128,0
33,0
2,0
93,0
134,0
4,0
128,0
98,0
100,0
131,0
95,0
47,0
29,0
66,0
41,0
13,0
49,0
122,0
132,0
126,0
38,0
124,0
83,0
13,0
98,0
113,0
115,0
122,0
51,0
96,0
7,0
119,0
33,0
133,0
37,0
91,0
0,0
143,0
37,0
100,0
25,0
142,0
29,0
120,0
46,0
117,0
63,0
139,0
106,0
32,0
114,0
57,0
46,0
78,0
51,0
104,0
55,0
25,0
69,0
105,0
1,0
126,0
95,0
86,0
29,0
92,0
151,0
132,0
18,0
53,0
58,0
136,0
89,0
134,0
21,0
29,0
37,0
23,0
126,0
83,0
148,0
126,0
106,0
11,0
100,0
8,0
8,0
8,0
78,0
132,0
68,0
76,0
95,0
74,0
123,0
137,0
0,0
18,0
16,0
46,0
75,0
127,0
111,0
29,0
104,0
55,0
128,0
70,0
68,0
133,0
101,0
100,0
112,0
83,0
33,0
149,0
34,0
131,0
135,0
26,0
16,0
89,0
39,0
136,0
133,0
21,0
60,0
31,0
33,0
64,0
63,0
69,0
57,0
144,0
95,0
47,0
128,0
0,0
51,0
110,0
1,0
91,0
115,0
11,0
127,0
133,0
128,0
0,0
1,0
26,0
13,0
42,0
127,0
48,0
28,0
131,0
82,0
149,0
0,0
142,0
68,0
73,0
129,0
75,0
107,0
45,0
34,0
20,0
101,0
137,0
90,0
8,0
111,0
79,0
61,0
109,0
37,0
20,0
85,0
141,0
142,0
99,0
32,0
115,0
86,0
133,0
64,0
84,0
107,0
43,0
11,0
93,0
35,0
91,0
140,0
140,0
55,0
118,0
82,0
122,0
73,0
21,0
80,0
15,0
150,0
79,0
8,0
44,0
142,0
134,0
39,0
69,0
64,0
71,0
29,0
80,0
80,0
27,0
39,0
142,0
123,0
108,0
97,0
78,0
105,0
113,0
118,0
133,0
119,0
150,0
115,0
119,0
41,0
83,0
2,0
14,0
124,0
125,0
130,0
61,0
150,0
72,0
111,0
26,0
123,0
110,0
128,0
111,0
105,0
42,0
74,0
32,0
102,0
133,0
91,0
30,0
21,0
76,0
31,0
74,0
20,0
121,0
88,0
29,0
130,0
67,0
144,0
138,0
93,0
87,0
142,0
4,0
23,0
121,0
66,0
104,0
42,0
10,0
54,0
90,0
18,0
151,0
129,0
151,0
82,0
68,0
147,0
39,0
38,0
80,0
5,0
48,0
47,0
60,0
37,0
138,0
88,0
67,0
51,0
128,0
33,0
47,0
113,0
8,0
17,0
29,0
21,0
124,0
128,0
35,0
150,0
0,0
29,0
132,0
117,0
16,0
64,0
142,0
93,0
136,0
58,0
36,0
133,0
69,0
106,0
19,0
141,0
105,0
40,0
10,0
79,0
64,0
13,0
25,0
15,0
69,0
31,0
144,0
70,0
110,0
24,0
148,0
126,0
108,0
26,0
143,0
91,0
58,0
57,0
123,0
122,0
50,0
116,0
24,0
14,0
126,0
146,0
131,0
88,0
42,0
46,0
140,0
66,0
61,0
89,0
126,0
94,0
21,0
89,0
120,0
103,0
3,0
17,0
66,0
133,0
58,0
60,0
29,0
55,0
127,0
28,0
95,0
58,0
56,0
84,0
136,0
121,0
22,0
36,0
53,0
93,0
48,0
140,0
82,0
88,0
58,0
3,0
54,0
90,0
16,0
129,0
138,0
132,0
112,0
69,0
47,0
94,0
134,0
94,0
48,0
107,0
112,0
135,0
104,0
17,0
102,0
22,0
43,0
86,0
72,0
134,0
139,0
82,0
12,0
97,0
142,0
10,0
53,0
122,0
148,0
53,0
122,0
147,0
143,0
85,0
133,0
144,0
45,0
4,0
134,0
140,0
63,0
139,0
114,0
16,0
27,0
19,0
100,0
63,0
2,0
105,0
28,0
61,0
97,0
135,0
87,0
14,0
24,0
88,0
104,0
14,0
15,0
94,0
71,0
70,0
3,0
14,0
8,0
24,0
69,0
67,0
62,0
81,0
105,0
103,0
47,0
149,0
17,0
16,0
129,0
144,0
119,0
6,0
28,0
78,0
106,0
30,0
136,0
46,0
132,0
32,0
108,0
7,0
86,0
93,0
2,0
28,0
69,0
136,0
42,0
131,0
51,0
122,0
132,0
71,0
82,0
38,0
30,0
123,0
76,0
112,0
139,0
35,0
49,0
112,0
87,0
79,0
133,0
57,0
128,0
41,0
149,0
149,0
102,0
34,0
39,0
99,0
147,0
7,0
141,0
2,0
47,0
131,0
133,0
97,0
22,0
19,0
53,0
9,0
69,0
53,0
112,0
136,0
85,0
20,0
92,0
14,0
85,0
112,0
104,0
98,0
19,0
133,0
89,0
17,0
107,0
15,0
123,0
28,0
77,0
81,0
72,0
126,0
44,0
140,0
85,0
132,0
17,0
139,0
46,0
126,0
99,0
42,0
43,0
151,0
4,0
95,0
124,0
142,0
114,0
44,0
149,0
131,0
114,0
117,0
12,0
34,0
149,0
24,0
136,0
61,0
106,0
29,0
137,0
57,0
128,0
100,0
55,0
66,0
133,0
17,0
86,0
6,0
25,0
43,0
118,0
130,0
130,0
36,0
4,0
111,0
29,0
126,0
77,0
75,0
97,0
61,0
4,0
82,0
115,0
126,0
46,0
23,0
57,0
49,0
23,0
6,0
4,0
20,0
101,0
77,0
110,0
18,0
23,0
92,0
43,0
56,0
19,0
38,0
146,0
5,0
59,0
97,0
37,0
58,0
93,0
123,0
133,0
14,0
13,0
103,0
85,0
68,0
28,0
1,0
100,0
71,0
147,0
68,0
90,0
148,0
133,0
54,0
0,0
94,0
56,0
142,0
55,0
51,0
88,0
31,0
76,0
44,0
39,0
16,0
142,0
28,0
31,0
47,0
89,0
132,0
150,0
123,0
34,0
114,0
138,0
54,0
88,0
153,0
46,0
115,0
66,0
126,0
26,0
35,0
4,0
3,0
70,0
16,0
132,0
79,0
126,0
70,0
133,0
93,0
127,0
144,0
45,0
129,0
135,0
68,0
6,0
64,0
142,0
134,0
54,0
81,0
5,0
130,0
30,0
7,0
35,0
5,0
43,0
27,0
36,0
107,0
136,0
59,0
133,0
149,0
115,0
133,0
72,0
48,0
84,0
1,0
71,0
19,0
26,0
39,0
69,0
27,0
140,0
86,0
54,0
48,0
64,0
44,0
49,0
79,0
22,0
92,0
91,0
48,0
47,0
134,0
108,0
133,0
138,0
10,0
101,0
59,0
112,0
109,0
103,0
73,0
58,0
134,0
121,0
127,0
52,0
151,0
104,0
117,0
42,0
151,0
94,0
150,0
82,0
145,0
111,0
6,0
12,0
127,0
142,0
12,0
130,0
112,0
17,0
13,0
47,0
83,0
13,0
42,0
133,0
50,0
109,0
117,0
133,0
154,0
44,0
66,0
72,0
15,0
44,0
79,0
72,0
148,0
104,0
7,0
133,0
140,0
52,0
33,0
97,0
48,0
108,0
78,0
19,0
123,0
60,0
33,0
49,0
126,0
57,0
102,0
77,0
27,0
52,0
108,0
32,0
26,0
4,0
75,0
133,0
102,0
120,0
153,0
40,0
134,0
42,0
17,0
8,0
28,0
30,0
95,0
53,0
134,0
68,0
140,0
133,0
48,0
48,0
120,0
128,0
43,0
50,0
145,0
127,0
97,0
30,0
126,0
28,0
133,0
19,0
89,0
132,0
35,0
120,0
60,0
102,0
134,0
47,0
102,0
84,0
36,0
108,0
66,0
108,0
56,0
141,0
119,0
98,0
114,0
23,0
95,0
108,0
51,0
95,0
33,0
23,0
20,0
138,0
45,0
111,0
22,0
52,0
22,0
34,0
121,0
39,0
140,0
133,0
72,0
65,0
73,0
73,0
142,0
46,0
46,0
115,0
61,0
67,0
12,0
122,0
112,0
138,0
61,0
6,0
97,0
107,0
129,0
17,0
91,0
8,0
103,0
130,0
72,0
19,0
24,0
82,0
125,0
132,0
15,0
118,0
1,0
9,0
11,0
15,0
31,0
99,0
68,0
62,0
138,0
97,0
108,0
127,0
84,0
71,0
142,0
127,0
90,0
140,0
68,0
146,0
118,0
85,0
150,0
66,0
133,0
111,0
59,0
48,0
41,0
118,0
145,0
110,0
99,0
15,0
93,0
57,0
114,0
6,0
10,0
120,0
57,0
35,0
31,0
128,0
130,0
2,0
130,0
50,0
86,0
151,0
56,0
37,0
117,0
13,0
45,0
90,0
146,0
48,0
122,0
139,0
130,0
67,0
93,0
53,0
150,0
44,0
149,0
91,0
96,0
15,0
54,0
18,0
42,0
111,0
9,0
70,0
47,0
143,0
154,0
107,0
98,0
137,0
95,0
125,0
30,0
100,0
47,0
70,0
19,0
87,0
7,0
119,0
39,0
43,0
19,0
55,0
131,0
127,0
19,0
35,0
34,0
139,0
123,0
76,0
32,0
42,0
133,0
17,0
139,0
128,0
102,0
133,0
51,0
133,0
133,0
38,0
137,0
154,0
50,0
35,0
47,0
133,0
95,0
26,0
52,0
3,0
30,0
45,0
142,0
120,0
91,0
45,0
152,0
145,0
59,0
85,0
128,0
102,0
128,0
135,0
127,0
48,0
122,0
41,0
17,0
48,0
136,0
67,0
57,0
126,0
26,0
142,0
89,0
139,0
134,0
89,0
50,0
36,0
50,0
141,0
81,0
78,0
68,0
14,0
141,0
148,0
133,0
70,0
17,0
43,0
143,0
14,0
153,0
134,0
123,0
36,0
50,0
74,0
112,0
51,0
36,0
18,0
48,0
42,0
71,0
33,0
15,0
116,0
16,0
154,0
52,0
25,0
7,0
88,0
136,0
8,0
1,0
25,0
7,0
52,0
63,0
27,0
67,0
109,0
142,0
112,0
150,0
30,0
80,0
137,0
72,0
104,0
97,0
105,0
62,0
74,0
84,0
75,0
12,0
8,0
26,0
149,0
1,0
133,0
26,0
133,0
79,0
58,0
31,0
6,0
23,0
89,0
30,0
131,0
42,0
68,0
83,0
85,0
84,0
46,0
148,0
138,0
80,0
48,0
31,0
114,0
53,0
66,0
59,0
142,0
83,0
18,0
123,0
57,0
153,0
101,0
153,0
109,0
82,0
20,0
126,0
68,0
96,0
47,0
96,0
61,0
51,0
19,0
56,0
39,0
105,0
12,0
145,0
118,0
48,0
80,0
48,0
91,0
122,0
50,0
11,0
82,0
124,0
141,0
142,0
110,0
21,0
122,0
27,0
81,0
132,0
48,0
87,0
99,0
125,0
22,0
2,0
22,0
64,0
48,0
17,0
127,0
25,0
143,0
46,0
54,0
139,0
71,0
140,0
46,0
25,0
93,0
127,0
112,0
8,0
52,0
66,0
143,0
36,0
92,0
71,0
3,0
129,0
91,0
19,0
62,0
96,0
18,0
95,0
130,0
102,0
124,0
54,0
39,0
20,0
29,0
57,0
23,0
68,0
26,0
77,0
108,0
40,0
66,0
114,0
4,0
57,0
2,0
7,0
30,0
142,0
15,0
26,0
0,0
72,0
126,0
144,0
4,0
1,0
132,0
85,0
26,0
91,0
88,0
70,0
133,0
91,0
126,0
136,0
42,0
125,0
97,0
112,0
112,0
100,0
117,0
134,0
47,0
26,0
126,0
48,0
73,0
95,0
98,0
70,0
87,0
20,0
57,0
117,0
61,0
142,0
129,0
40,0
99,0
104,0
138,0
75,0
135,0
3,0
127,0
8,0
48,0
148,0
109,0
111,0
111,0
121,0
149,0
137,0
87,0
37,0
76,0
31,0
3,0
58,0
116,0
37,0
115,0
30,0
4,0
104,0
26,0
141,0
97,0
27,0
150,0
107,0
57,0
62,0
1,0
130,0
22,0
52,0
89,0
8,0
9,0
128,0
89,0
105,0
20,0
150,0
76,0
70,0
19,0
145,0
111,0
9,0
86,0
100,0
25,0
12,0
52,0
73,0
126,0
26,0
126,0
101,0
145,0
145,0
135,0
104,0
1,0
132,0
22,0
126,0
130,0
115,0
90,0
105,0
27,0
14,0
72,0
7,0
17,0
102,0
85,0
102,0
150,0
16,0
41,0
17,0
143,0
47,0
85,0
12,0
139,0
134,0
143,0
29,0
64,0
87,0
74,0
105,0
109,0
104,0
132,0
126,0
44,0
122,0
119,0
101,0
11,0
102,0
12,0
1,0
122,0
128,0
32,0
14,0
44,0
44,0
99,0
81,0
3,0
36,0
138,0
122,0
100,0
18,0
47,0
77,0
117,0
89,0
101,0
134,0
125,0
117,0
111,0
151,0
71,0
102,0
28,0
127,0
135,0
136,0
127,0
114,0
138,0
55,0
97,0
35,0
116,0
45,0
95,0
11,0
141,0
3,0
78,0
20,0
108,0
47,0
41,0
116,0
141,0
106,0
52,0
38,0
54,0
65,0
15,0
100,0
98,0
64,0
132,0
10,0
30,0
69,0
114,0
57,0
113,0
60,0
110,0
49,0
61,0
73,0
27,0
125,0
126,0
49,0
137,0
8,0
126,0
144,0
19,0
129,0
22,0
33,0
50,0
135,0
6,0
58,0
36,0
117,0
54,0
111,0
128,0
24,0
23,0
9,0
3,0
15,0
133,0
26,0
134,0
11,0
106,0
143,0
95,0
28,0
56,0
3,0
41,0
124,0
95,0
91,0
68,0
37,0
151,0
120,0
88,0
71,0
126,0
83,0
111,0
126,0
123,0
103,0
50,0
37,0
27,0
20,0
3,0
77,0
68,0
118,0
133,0
57,0
55,0
10,0
143,0
10,0
24,0
59,0
98,0
81,0
32,0
150,0
130,0
150,0
5,0
54,0
109,0
29,0
58,0
151,0
54,0
149,0
1,0
28,0
94,0
66,0
92,0
128,0
9,0
107,0
134,0
133,0
12,0
135,0
6,0
100,0
103,0
129,0
136,0
46,0
114,0
87,0
85,0
49,0
119,0
8,0
64,0
51,0
39,0
148,0
107,0
92,0
2,0
73,0
127,0
66,0
19,0
117,0
17,0
7,0
138,0
61,0
47,0
29,0
143,0
43,0
68,0
20,0
127,0
73,0
131,0
101,0
148,0
73,0
92,0
38,0
149,0
108,0
127,0
114,0
114,0
56,0
66,0
72,0
133,0
111,0
117,0
116,0
31,0
39,0
34,0
48,0
148,0
17,0
13,0
74,0
81,0
51,0
55,0
26,0
91,0
8,0
142,0
97,0
31,0
62,0
37,0
66,0
76,0
112,0
18,0
78,0
56,0
126,0
92,0
30,0
38,0
131,0
8,0
30,0
89,0
140,0
46,0
130,0
81,0
116,0
12,0
33,0
42,0
118,0
123,0
79,0
16,0
146,0
127,0
11,0
61,0
8,0
62,0
96,0
46,0
17,0
153,0
35,0
99,0
33,0
24,0
123,0
28,0
63,0
133,0
76,0
80,0
127,0
15,0
8,0
116,0
25,0
120,0
39,0
11,0
17,0
134,0
132,0
84,0
134,0
105,0
25,0
145,0
106,0
126,0
136,0
50,0
26,0
123,0
26,0
110,0
27,0
90,0
132,0
151,0
133,0
36,0
37,0
13,0
9,0
127,0
123,0
19,0
126,0
50,0
113,0
127,0
29,0
51,0
127,0
31,0
100,0
74,0
135,0
150,0
85,0
117,0
138,0
152,0
82,0
49,0
27,0
17,0
56,0
1,0
66,0
50,0
97,0
31,0
11,0
129,0
133,0
86,0
65,0
59,0
92,0
102,0
110,0
3,0
125,0
15,0
132,0
154,0
132,0
93,0
128,0
132,0
31,0
35,0
57,0
47,0
145,0
13,0
94,0
16,0
33,0
88,0
107,0
36,0
146,0
48,0
133,0
8,0
53,0
145,0
14,0
37,0
132,0
116,0
57,0
65,0
56,0
75,0
111,0
35,0
89,0
20,0
9,0
81,0
37,0
42,0
95,0
38,0
141,0
46,0
47,0
34,0
106,0
140,0
42,0
95,0
15,0
3,0
91,0
132,0
48,0
52,0
92,0
116,0
1,0
82,0
13,0
149,0
134,0
78,0
45,0
9,0
50,0
144,0
48,0
92,0
82,0
70,0
123,0
89,0
127,0
95,0
129,0
67,0
110,0
109,0
15,0
17,0
30,0
128,0
114,0
108,0
138,0
17,0
69,0
61,0
104,0
12,0
129,0
90,0
39,0
132,0
75,0
1,0
48,0
45,0
61,0
19,0
130,0
47,0
29,0
138,0
10,0
65,0
78,0
46,0
25,0
78,0
134,0
90,0
121,0
141,0
73,0
2,0
16,0
125,0
85,0
106,0
89,0
121,0
68,0
145,0
67,0
133,0
71,0
124,0
115,0
106,0
10,0
102,0
34,0
140,0
3,0
135,0
76,0
132,0
70,0
142,0
127,0
105,0
2,0
124,0
48,0
123,0
93,0
47,0
71,0
7,0
31,0
138,0
15,0
97,0
49,0
12,0
74,0
61,0
120,0
99,0
151,0
9,0
128,0
24,0
48,0
60,0
71,0
3,0
61,0
8,0
127,0
101,0
141,0
26,0
71,0
8,0
51,0
118,0
128,0
63,0
14,0
5,0
18,0
57,0
149,0
145,0
129,0
97,0
131,0
117,0
47,0
36,0
46,0
51,0
132,0
127,0
69,0
28,0
141,0
116,0
46,0
141,0
51,0
142,0
137,0
43,0
101,0
1,0
133,0
29,0
62,0
38,0
13,0
131,0
45,0
48,0
105,0
33,0
89,0
6,0
15,0
97,0
86,0
3,0
57,0
127,0
117,0
120,0
63,0
81,0
127,0
118,0
113,0
122,0
138,0
48,0
17,0
133,0
108,0
88,0
86,0
79,0
133,0
140,0
41,0
82,0
18,0
130,0
48,0
37,0
20,0
95,0
24,0
132,0
21,0
73,0
142,0
134,0
23,0
134,0
14,0
81,0
5,0
48,0
128,0
54,0
94,0
18,0
25,0
44,0
6,0
47,0
122,0
2,0
47,0
43,0
139,0
108,0
117,0
48,0
131,0
43,0
148,0
79,0
59,0
112,0
127,0
140,0
123,0
93,0
135,0
30,0
3,0
71,0
37,0
42,0
62,0
61,0
70,0
120,0
94,0
139,0
67,0
20,0
110,0
80,0
37,0
55,0
56,0
147,0
43,0
108,0
33,0
44,0
133,0
34,0
48,0
97,0
114,0
53,0
121,0
73,0
3,0
133,0
7,0
93,0
24,0
65,0
130,0
10,0
126,0
63,0
11,0
33,0
19,0
122,0
135,0
109,0
8,0
54,0
97,0
4,0
79,0
13,0
71,0
54,0
143,0
5,0
107,0
0,0
44,0
66,0
28,0
7,0
77,0
151,0
72,0
143,0
83,0
114,0
1,0
52,0
59,0
43,0
140,0
52,0
87,0
151,0
117,0
86,0
28,0
132,0
84,0
44,0
104,0
153,0
124,0
48,0
113,0
54,0
110,0
64,0
48,0
117,0
54,0
111,0
61,0
136,0
103,0
33,0
132,0
66,0
14,0
30,0
50,0
6,0
71,0
133,0
109,0
24,0
111,0
36,0
53,0
44,0
126,0
31,0
17,0
26,0
45,0
3,0
21,0
98,0
106,0
34,0
53,0
49,0
126,0
95,0
7,0
67,0
50,0
148,0
127,0
68,0
119,0
78,0
54,0
150,0
10,0
8,0
78,0
127,0
18,0
53,0
93,0
118,0
7,0
2,0
146,0
28,0
72,0
76,0
37,0
103,0
93,0
118,0
53,0
154,0
32,0
100,0
88,0
58,0
21,0
9,0
53,0
16,0
73,0
68,0
112,0
122,0
122,0
43,0
44,0
111,0
75,0
42,0
28,0
139,0
85,0
145,0
132,0
39,0
131,0
145,0
30,0
9,0
43,0
70,0
23,0
117,0
12,0
6,0
142,0
118,0
32,0
136,0
83,0
100,0
132,0
68,0
17,0
41,0
45,0
116,0
8,0
56,0
28,0
100,0
55,0
113,0
77,0
130,0
139,0
128,0
12,0
100,0
120,0
52,0
23,0
82,0
101,0
87,0
133,0
24,0
104,0
42,0
125,0
72,0
33,0
133,0
132,0
129,0
48,0
68,0
48,0
120,0
100,0
93,0
59,0
67,0
149,0
88,0
12,0
66,0
15,0
66,0
131,0
29,0
33,0
125,0
61,0
35,0
46,0
139,0
98,0
26,0
76,0
52,0
25,0
53,0
58,0
6,0
123,0
72,0
4,0
6,0
100,0
19,0
54,0
29,0
29,0
133,0
47,0
84,0
124,0
100,0
59,0
120,0
27,0
107,0
110,0
68,0
32,0
126,0
46,0
141,0
140,0
4,0
134,0
121,0
142,0
96,0
134,0
80,0
28,0
15,0
97,0
96,0
96,0
27,0
5,0
114,0
81,0
21,0
19,0
107,0
89,0
100,0
139,0
141,0
120,0
132,0
53,0
13,0
67,0
4,0
34,0
104,0
150,0
15,0
125,0
46,0
57,0
147,0
98,0
11,0
26,0
87,0
8,0
55,0
28,0
117,0
88,0
88,0
114,0
114,0
30,0
108,0
19,0
99,0
53,0
9,0
113,0
115,0
107,0
19,0
128,0
85,0
133,0
105,0
21,0
20,0
16,0
115,0
66,0
81,0
123,0
83,0
52,0
128,0
12,0
49,0
135,0
18,0
47,0
110,0
133,0
141,0
59,0
49,0
140,0
142,0
148,0
86,0
111,0
26,0
95,0
140,0
39,0
130,0
44,0
66,0
35,0
95,0
122,0
88,0
134,0
37,0
20,0
45,0
141,0
87,0
128,0
112,0
46,0
20,0
134,0
91,0
31,0
137,0
46,0
128,0
108,0
29,0
107,0
57,0
120,0
64,0
42,0
148,0
26,0
79,0
15,0
69,0
131,0
47,0
88,0
151,0
62,0
102,0
66,0
60,0
49,0
67,0
61,0
127,0
47,0
62,0
44,0
103,0
129,0
48,0
89,0
89,0
0,0
33,0
108,0
154,0
57,0
133,0
12,0
48,0
65,0
9,0
37,0
54,0
47,0
22,0
28,0
103,0
52,0
27,0
121,0
150,0
55,0
26,0
121,0
84,0
78,0
127,0
23,0
89,0
81,0
78,0
135,0
112,0
44,0
102,0
88,0
5,0
42,0
72,0
61,0
44,0
47,0
137,0
132,0
32,0
87,0
5,0
146,0
123,0
107,0
82,0
142,0
1,0
52,0
101,0
131,0
48,0
108,0
106,0
80,0
27,0
146,0
142,0
95,0
100,0
29,0
10,0
18,0
112,0
135,0
82,0
125,0
14,0
110,0
92,0
97,0
150,0
118,0
94,0
129,0
59,0
95,0
70,0
151,0
133,0
53,0
133,0
72,0
141,0
146,0
0,0
142,0
55,0
81,0
12,0
78,0
77,0
48,0
56,0
149,0
20,0
8,0
154,0
28,0
17,0
100,0
19,0
47,0
29,0
34,0
99,0
83,0
89,0
120,0
6,0
70,0
39,0
93,0
139,0
89,0
57,0
72,0
5,0
126,0
119,0
33,0
131,0
132,0
133,0
127,0
23,0
136,0
124,0
1,0
79,0
30,0
119,0
90,0
26,0
131,0
9,0
47,0
147,0
98,0
70,0
27,0
31,0
123,0
16,0
142,0
129,0
33,0
154,0
54,0
2,0
0,0
64,0
78,0
147,0
127,0
63,0
31,0
11,0
1,0
105,0
143,0
131,0
111,0
74,0
117,0
110,0
131,0
77,0
142,0
0,0
112,0
96,0
65,0
125,0
88,0
81,0
141,0
123,0
50,0
51,0
72,0
84,0
137,0
111,0
79,0
37,0
114,0
6,0
88,0
101,0
153,0
91,0
19,0
118,0
98,0
26,0
14,0
137,0
85,0
59,0
42,0
143,0
126,0
139,0
89,0
140,0
121,0
130,0
72,0
3,0
146,0
75,0
10,0
80,0
50,0
111,0
132,0
127,0
31,0
69,0
2,0
58,0
91,0
128,0
48,0
85,0
35,0
79,0
28,0
20,0
66,0
97,0
47,0
39,0
32,0
127,0
17,0
59,0
71,0
32,0
89,0
7,0
17,0
52,0
45,0
16,0
135,0
66,0
152,0
36,0
122,0
123,0
12,0
67,0
133,0
81,0
144,0
41,0
124,0
2,0
132,0
143,0
35,0
28,0
12,0
52,0
70,0
5,0
132,0
81,0
46,0
53,0
76,0
78,0
134,0
101,0
90,0
141,0
149,0
26,0
151,0
125,0
123,0
6,0
78,0
22,0
6,0
13,0
91,0
97,0
92,0
40,0
34,0
57,0
72,0
80,0
138,0
134,0
112,0
23,0
20,0
57,0
30,0
41,0
57,0
26,0
2,0
92,0
123,0
58,0
38,0
40,0
44,0
48,0
43,0
102,0
131,0
84,0
61,0
3,0
96,0
127,0
128,0
32,0
119,0
24,0
136,0
98,0
119,0
71,0
57,0
139,0
130,0
35,0
43,0
26,0
79,0
25,0
81,0
16,0
102,0
44,0
33,0
131,0
58,0
67,0
145,0
17,0
44,0
21,0
28,0
101,0
13,0
74,0
126,0
116,0
154,0
72,0
56,0
34,0
135,0
60,0
24,0
149,0
118,0
4,0
57,0
88,0
29,0
136,0
137,0
20,0
61,0
86,0
68,0
85,0
104,0
73,0
100,0
86,0
123,0
12,0
102,0
5,0
93,0
0,0
71,0
4,0
47,0
67,0
64,0
3,0
67,0
142,0
109,0
6,0
47,0
1,0
47,0
151,0
78,0
130,0
68,0
37,0
6,0
112,0
105,0
47,0
129,0
49,0
91,0
78,0
125,0
84,0
33,0
44,0
135,0
70,0
2,0
146,0
49,0
11,0
112,0
34,0
48,0
57,0
127,0
127,0
125,0
57,0
80,0
131,0
3,0
92,0
39,0
133,0
19,0
92,0
5,0
88,0
123,0
143,0
18,0
20,0
142,0
40,0
140,0
63,0
23,0
120,0
18,0
126,0
124,0
142,0
121,0
31,0
37,0
124,0
29,0
137,0
72,0
104,0
38,0
154,0
3,0
118,0
120,0
128,0
30,0
110,0
132,0
96,0
34,0
78,0
17,0
14,0
34,0
139,0
114,0
28,0
142,0
71,0
122,0
33,0
122,0
131,0
46,0
62,0
110,0
10,0
67,0
104,0
84,0
72,0
56,0
9,0
38,0
98,0
147,0
8,0
154,0
121,0
29,0
31,0
22,0
113,0
15,0
126,0
128,0
132,0
99,0
139,0
31,0
41,0
4,0
49,0
70,0
126,0
88,0
118,0
55,0
61,0
53,0
132,0
132,0
145,0
5,0
150,0
0,0
1,0
122,0
43,0
37,0
122,0
29,0
128,0
126,0
122,0
136,0
101,0
67,0
60,0
118,0
92,0
68,0
111,0
64,0
30,0
84,0
8,0
59,0
126,0
128,0
14,0
47,0
2,0
88,0
102,0
133,0
0,0
11,0
141,0
128,0
16,0
55,0
145,0
22,0
64,0
123,0
88,0
136,0
7,0
8,0
150,0
9,0
125,0
143,0
136,0
144,0
128,0
117,0
72,0
30,0
139,0
79,0
142,0
59,0
19,0
44,0
99,0
8,0
12,0
57,0
138,0
115,0
149,0
97,0
101,0
44,0
43,0
45,0
65,0
100,0
70,0
49,0
40,0
55,0
41,0
29,0
37,0
141,0
48,0
140,0
47,0
88,0
68,0
12,0
150,0
36,0
121,0
133,0
31,0
56,0
1,0
137,0
58,0
142,0
143,0
113,0
39,0
44,0
107,0
68,0
32,0
66,0
65,0
96,0
47,0
110,0
72,0
51,0
145,0
3,0
150,0
123,0
40,0
124,0
114,0
32,0
97,0
31,0
66,0
115,0
54,0
89,0
75,0
130,0
38,0
99,0
144,0
56,0
97,0
28,0
61,0
1,0
44,0
29,0
108,0
4,0
43,0
112,0
15,0
119,0
131,0
5,0
27,0
31,0
106,0
113,0
30,0
6,0
23,0
40,0
21,0
132,0
29,0
27,0
110,0
133,0
69,0
104,0
90,0
126,0
132,0
126,0
132,0
137,0
126,0
44,0
96,0
34,0
11,0
101,0
130,0
140,0
23,0
95,0
58,0
97,0
93,0
2,0
135,0
29,0
138,0
117,0
13,0
132,0
0,0
126,0
123,0
78,0
104,0
107,0
17,0
67,0
107,0
66,0
126,0
123,0
84,0
136,0
138,0
19,0
38,0
134,0
22,0
114,0
8,0
119,0
122,0
107,0
22,0
123,0
5,0
130,0
52,0
20,0
3,0
112,0
70,0
114,0
119,0
129,0
28,0
111,0
20,0
82,0
32,0
89,0
121,0
86,0
115,0
32,0
78,0
108,0
49,0
139,0
145,0
7,0
136,0
135,0
55,0
142,0
16,0
9,0
75,0
62,0
93,0
49,0
124,0
92,0
48,0
145,0
128,0
133,0
46,0
0,0
37,0
63,0
10,0
114,0
76,0
107,0
58,0
40,0
75,0
132,0
126,0
126,0
117,0
45,0
83,0
78,0
42,0
43,0
23,0
29,0
132,0
26,0
133,0
81,0
30,0
134,0
67,0
99,0
125,0
121,0
98,0
147,0
102,0
19,0
10,0
68,0
70,0
28,0
33,0
23,0
108,0
24,0
126,0
12,0
154,0
50,0
154,0
55,0
122,0
8,0
144,0
98,0
103,0
144,0
63,0
8,0
99,0
122,0
103,0
81,0
106,0
53,0
0,0
62,0
3,0
135,0
34,0
13,0
129,0
30,0
147,0
30,0
52,0
13,0
133,0
71,0
18,0
87,0
51,0
9,0
75,0
70,0
134,0
142,0
126,0
32,0
115,0
137,0
72,0
138,0
41,0
4,0
130,0
69,0
72,0
56,0
134,0
27,0
117,0
149,0
94,0
124,0
4,0
25,0
65,0
22,0
48,0
37,0
120,0
27,0
42,0
60,0
149,0
106,0
1,0
149,0
149,0
84,0
127,0
41,0
115,0
56,0
103,0
148,0
16,0
139,0
11,0
92,0
74,0
119,0
79,0
40,0
62,0
136,0
38,0
66,0
88,0
29,0
99,0
82,0
137,0
126,0
142,0
126,0
57,0
17,0
118,0
133,0
108,0
130,0
51,0
130,0
69,0
117,0
126,0
123,0
26,0
48,0
130,0
106,0
29,0
72,0
11,0
142,0
54,0
78,0
30,0
154,0
111,0
141,0
89,0
56,0
78,0
36,0
22,0
150,0
127,0
47,0
100,0
69,0
6,0
67,0
111,0
145,0
146,0
56,0
133,0
56,0
95,0
62,0
50,0
106,0
51,0
97,0
149,0
121,0
95,0
18,0
0,0
116,0
25,0
77,0
67,0
101,0
35,0
127,0
137,0
71,0
10,0
66,0
48,0
123,0
127,0
15,0
119,0
77,0
4,0
17,0
65,0
35,0
52,0
47,0
33,0
24,0
71,0
72,0
12,0
92,0
11,0
150,0
132,0
33,0
107,0
118,0
106,0
83,0
149,0
148,0
129,0
127,0
